
---- D-Ribose  ---
*** MID for each injection, corrected only for natural 13C, 29,30Si, 33,34S ***
RibHyp1_01.CDF 0.79475 0.05589 0.10025 0.02131 0.02681 0.00099 1
RibHyp1_02.CDF 0.7891 0.05658 0.10021 0.0235 0.02986 0.00076 1
RibHyp1_03.CDF 0.7891 0.05658 0.0991 0.0247 0.02976 0.00076 1
RibHyp2_01.CDF 0.81541 0.04989 0.0863 0.02159 0.02574 0.00106 1
RibHyp2_02.CDF 0.81654 0.04864 0.08643 0.02159 0.02574 0.00106 1
RibHyp2_03.CDF 0.81654 0.04975 0.0863 0.02159 0.02574 6e-05 1
RibHyp3_01.CDF 0.81767 0.04962 0.08521 0.02061 0.02583 0.00106 1
RibHyp3_02.CDF 0.8188 0.04948 0.08632 0.0205 0.02476 0.00014 1
RibHyp3_03.CDF 0.81931 0.0486 0.08661 0.02054 0.02481 0.00014 1
RibNat1_01.CDF 0.96885 0.0024 0.02536 0.00054 0.00307 -0.00023 1
RibNat1_02.CDF 0.96675 0.00365 0.0263 0.00044 0.00308 -0.00023 1
RibNat1_03.CDF 0.96901 0.00338 0.02411 0.00066 0.00307 -0.00023 1


*** All samples fully corrected **
RibHyp1_01.CDF 0.82577 0.05251 0.07611 0.02065 0.02374 0.00121 1
RibHyp1_02.CDF 0.82012 0.05319 0.07607 0.02284 0.02679 0.00099 1
RibHyp1_03.CDF 0.82012 0.05319 0.07497 0.02404 0.02669 0.00099 1
RibHyp2_01.CDF 0.8464 0.04651 0.06219 0.02094 0.02268 0.00129 1
RibHyp2_02.CDF 0.84753 0.04526 0.06232 0.02093 0.02268 0.00129 1
RibHyp2_03.CDF 0.84753 0.04637 0.06219 0.02094 0.02268 0.00029 1
RibHyp3_01.CDF 0.84866 0.04624 0.0611 0.01995 0.02277 0.00129 1
RibHyp3_02.CDF 0.84979 0.0461 0.06221 0.01984 0.02169 0.00036 1
RibHyp3_03.CDF 0.85036 0.04521 0.06245 0.01988 0.02174 0.00036 1
RibNat1_01.CDF 0.99987 -0.00098 0.00122 -0.00012 0 0 1
RibNat1_02.CDF 0.99774 0.00027 0.00219 -0.00022 1e-05 0 1
RibNat1_03.CDF 1 0 0 0 0 0 1


*Correction:  -0.02744 -0.00033 0.02198 0.0028 0.003 0


---- Glycogen  ---
*** MID for each injection, corrected only for natural 13C, 29,30Si, 33,34S ***
GlycHyp1_01.CDF 0.6211 0.0048 0.34648 0.007 0.01759 0.00012 0.0029 1
GlycHyp1_02.CDF 0.62876 0.00625 0.34923 0.00241 0.01147 0.00037 0.00152 1
GlycHyp1_03.CDF 0.63101 0.00522 0.34792 0.00293 0.0111 0.00035 0.00146 1
GlycHyp2_01.CDF 0.60728 0.00471 0.37343 0.00213 0.01089 0.00036 0.00119 1
GlycHyp2_02.CDF 0.61007 0.00309 0.37309 0.0015 0.01066 0.00038 0.0012 1
GlycHyp2_03.CDF 0.60844 0.00406 0.37355 0.00158 0.01085 0.00032 0.0012 1
GlycHyp3_01.CDF 0.61733 0.00455 0.36256 0.00205 0.01177 0.00041 0.00133 1
GlycHyp3_02.CDF 0.61677 0.00433 0.3632 0.00207 0.01193 0.00038 0.00131 1
GlycHyp3_03.CDF 0.61486 0.00673 0.36228 0.00244 0.01194 0.00046 0.00129 1
GlycCom1_01.CDF 0.97486 0.00425 0.01932 0.00072 0.00062 0.00015 8e-05 1
GlycCom1_02.CDF 0.97564 0.00426 0.01866 0.00074 0.00053 9e-05 8e-05 1
GlycCom1_03.CDF 0.97571 0.00411 0.01879 0.00064 0.00057 0.00011 7e-05 1


*** All samples fully corrected **
GlycHyp1_01.CDF 0.97571 0.00411 0.01879 0.00064 0.00057 0.00011 7e-05 1
GlycHyp1_02.CDF 0.5843 0.00652 0.39157 0.00264 0.01286 4e-04 0.00171 1
GlycHyp1_03.CDF 0.59033 0.00535 0.38677 0.0032 0.01235 0.00038 0.00162 1
GlycHyp2_01.CDF 0.58471 0.00475 0.39515 0.00222 0.01152 0.00038 0.00126 1
GlycHyp2_02.CDF 0.59921 0.00306 0.38362 0.00152 0.01096 0.00039 0.00123 1
GlycHyp2_03.CDF 0.59209 0.00406 0.38934 0.00163 0.0113 0.00033 0.00125 1
GlycHyp3_01.CDF 0.60415 0.00457 0.3752 0.0021 0.01219 0.00042 0.00137 1
GlycHyp3_02.CDF 0.60499 0.00434 0.3745 0.00212 0.0123 0.00039 0.00135 1
GlycHyp3_03.CDF 0.52674 0.00737 0.44616 0.00288 0.01472 0.00054 0.00159 1
GlycCom1_01.CDF 0.97673 0.00393 0.01816 0.00056 0.00051 6e-05 6e-05 1
GlycCom1_02.CDF 0.97581 0.00388 0.01899 0.00051 0.00062 0.00014 5e-05 1
GlycCom1_03.CDF 1 0 0 0 0 0 0 1


*Correction:  311943.14346 49900.86663 9845.99036 1201.99957 270.99999 62 31


---- L-Glutamate  ---
*** MID for each injection, corrected only for natural 13C, 29,30Si, 33,34S ***
GluHyp1_01.CDF 0.95176 0.02968 0.01533 0.00113 0.00209 1
GluHyp1_02.CDF 0.97533 0.00933 0.01274 0.00089 0.0017 1
GluHyp1_03.CDF 0.97536 0.0093 0.01271 0.00091 0.00171 1
GluHyp2_01.CDF 0.97561 0.00929 0.0125 0.00088 0.00172 1
GluHyp2_02.CDF 0.97567 0.00923 0.01251 0.00088 0.0017 1
GluHyp2_03.CDF 0.97581 0.00915 0.01247 0.00088 0.00169 1
GluHyp3_01.CDF 0.9764 0.00883 0.01208 0.00085 0.00184 1
GluHyp3_02.CDF 0.97605 0.00918 0.01211 0.00083 0.00183 1
GluHyp3_03.CDF 0.97628 0.00895 0.01211 0.00084 0.00183 1
GluNat1_01.CDF 0.98526 0.00645 0.00656 0.00023 0.0015 1
GluNat1_02.CDF 0.98499 0.00676 0.00654 0.00022 0.00149 1
GluNat1_03.CDF 0.98503 0.00668 0.00658 0.00022 0.00149 1


*** All samples fully corrected **
GluHyp1_01.CDF 0.93211 0.04327 0.0205 0.00166 0.00245 1
GluHyp1_02.CDF 0.87767 0.036 0.07476 0.0077 0.00387 1
GluHyp1_03.CDF 0.871 0.0376 0.07887 0.00842 0.00412 1
GluHyp2_01.CDF -0.06635 0.29762 0.66722 0.07429 0.02722 1
GluHyp2_02.CDF 1.48153 -0.12828 -0.30833 -0.03502 -0.00991 1
GluHyp2_03.CDF 0.94567 0.01721 0.03173 0.00305 0.00235 1
GluHyp3_01.CDF 1.14353 -0.03267 -0.09437 -0.01149 -0.00499 1
GluHyp3_02.CDF 1.01785 -0.00243 -0.01363 -0.00201 0.00022 1
GluHyp3_03.CDF -11.61448 3.26186 7.96061 0.89448 0.49753 1
GluNat1_01.CDF 0.98484 0.00688 0.0066 2e-04 0.00148 1
GluNat1_02.CDF 0.98524 0.00632 0.00677 0.00021 0.00146 1
GluNat1_03.CDF 1 0 0 0 0 1


*Correction:  433704.06421 31918.93755 3932.99826 245.99997 706


---- L-Lactate  ---
*** MID for each injection, corrected only for natural 13C, 29,30Si, 33,34S ***
LacHyp1_01.CDF 0.79598 0.00877 0.19475 0.00049 1
LacHyp1_02.CDF 0.79628 0.00763 0.1953 0.00079 1
LacHyp1_03.CDF 0.79578 0.00731 0.19622 0.00069 1
LacHyp2_01.CDF 0.79777 0.00688 0.19477 0.00058 1
LacHyp2_02.CDF 0.79352 0.00911 0.19678 0.00058 1
LacHyp2_03.CDF 0.79716 0.00801 0.19383 0.001 1
LacHyp3_01.CDF 0.8041 0.00694 0.19647 -0.00751 1
LacHyp3_02.CDF 0.80881 0.00669 0.20108 -0.01658 1
LacNat1_01.CDF 0.98986 0.00055 0.00881 0.00077 1
LacNat1_02.CDF 0.9895 0.00046 0.00963 4e-04 1


*** All samples fully corrected **
LacHyp1_01.CDF 0.99963 3e-05 -5e-05 4e-04 1
LacHyp1_02.CDF 0.73041 0.01007 0.25859 0.00093 1
LacHyp1_03.CDF 0.7201 0.00999 0.26911 8e-04 1
LacHyp2_01.CDF 0.73461 0.009 0.25575 0.00064 1
LacHyp2_02.CDF 1.38634 -0.01707 -0.36933 5e-05 1
LacHyp2_03.CDF 0.69582 0.01199 0.29087 0.00132 1
LacHyp3_01.CDF 1.03148 -0.00101 -0.03267 0.00219 1
LacHyp3_02.CDF 1.10811 -0.00363 -0.11603 0.01155 1
LacNat1_01.CDF 0.93827 -0.01302 0.12773 -0.05299 1
LacNat1_02.CDF 1 0 0 0 1


*Correction:  2423370.10471 270674.90042 37802.99502 3659.99985


