
---- Aspartate  ---
*** MID for each injection, corrected only for natural 13C, 29,30Si, 33,34S ***
A549_GlutaminaC1_1_01.CDF 0.44806 0.42389 0.0963 0.02217 0.00958 1
A549_GlutaminaC1_1_01.CDF 0.25248 0.72112 0.00924 0.00534 0.01182 1
A549_GlutaminaC1_1_01.CDF 0.25632 0.71667 0.01014 0.00539 0.01149 1
A549_GlutaminaC1_1_01.CDF 0.24906 0.72636 0.00947 0.00493 0.01019 1
A549_GlutaminaC1_1_01.CDF 0.25193 0.72274 0.0094 0.00508 0.01085 1
A549_GlutaminaC1_1_01.CDF 0.25505 0.7173 0.0103 0.00525 0.01209 1
A549_GlutaminaC1_1_01.CDF 0.24759 0.72715 0.01007 0.00529 0.0099 1
A549_GlutaminaC1_1_01.CDF 0.24891 0.72491 0.00945 0.005 0.01173 1
A549_GlutaminaC1_1_01.CDF 0.25235 0.71968 0.01047 0.00519 0.01231 1
A549_GlutaminaC1_1_01.CDF 0.97095 0.00466 0.00716 0.01814 -0.00091 1
A549_GlutaminaC1_1_01.CDF 0.23556 0.73642 0.00984 0.00614 0.01204 1
A549_GlutaminaC1_1_01.CDF 0.23882 0.73396 0.01017 0.00595 0.01111 1
A549_GlutaminaC1_1_01.CDF 0.22451 0.74849 0.00874 0.00643 0.01182 1
A549_GlutaminaC1_1_01.CDF 0.22642 0.7459 0.01004 0.00648 0.01116 1
A549_GlutaminaC1_1_01.CDF 0.22966 0.7419 0.00936 0.00641 0.01267 1
A549_GlutaminaC1_1_01.CDF 0.23158 0.74057 0.00963 0.00599 0.01223 1
A549_GlutaminaC1_1_01.CDF 0.27266 0.70337 0.00667 0.00531 0.01199 1
A549_GlutaminaC1_1_01.CDF 0.27359 0.70314 0.00696 0.00512 0.0112 1
A549_GlutaminaC1_1_01.CDF 0.27689 0.69988 0.00721 0.00563 0.01039 1
A549_GlutaminaC1_1_01.CDF 0.26855 0.70684 0.00721 0.00544 0.01196 1
A549_GlutaminaC1_1_01.CDF 0.26998 0.70609 0.00684 0.00571 0.01138 1
A549_GlutaminaC1_1_01.CDF 0.27275 0.70249 0.00772 0.00575 0.01128 1
A549_GlutaminaC1_1_01.CDF 0.2836 0.69321 0.00666 0.00518 0.01134 1
A549_GlutaminaC1_1_01.CDF 0.28427 0.69274 0.00669 0.00527 0.01102 1
A549_GlutaminaC1_1_01.CDF 0.28672 0.68916 0.00721 0.00568 0.01123 1


*** All samples fully corrected **
A549_GlutaminaC1_1_01.CDF 1 0 0 0 0 1
A549_GlutaminaC1_1_01.CDF 0.25248 0.72112 0.00924 0.00534 0.01182 1
A549_GlutaminaC1_1_01.CDF 0.25632 0.71667 0.01014 0.00539 0.01149 1
A549_GlutaminaC1_1_01.CDF 0.24906 0.72636 0.00947 0.00493 0.01019 1
A549_GlutaminaC1_1_01.CDF 0.25193 0.72274 0.0094 0.00508 0.01085 1
A549_GlutaminaC1_1_01.CDF 0.25505 0.7173 0.0103 0.00525 0.01209 1
A549_GlutaminaC1_1_01.CDF 0.24759 0.72715 0.01007 0.00529 0.0099 1
A549_GlutaminaC1_1_01.CDF 0.24891 0.72491 0.00945 0.005 0.01173 1
A549_GlutaminaC1_1_01.CDF 0.25235 0.71968 0.01047 0.00519 0.01231 1
A549_GlutaminaC1_1_01.CDF 0.97095 0.00466 0.00716 0.01814 -0.00091 1
A549_GlutaminaC1_1_01.CDF 0.23556 0.73642 0.00984 0.00614 0.01204 1
A549_GlutaminaC1_1_01.CDF 0.23882 0.73396 0.01017 0.00595 0.01111 1
A549_GlutaminaC1_1_01.CDF 0.22451 0.74849 0.00874 0.00643 0.01182 1
A549_GlutaminaC1_1_01.CDF 0.22642 0.7459 0.01004 0.00648 0.01116 1
A549_GlutaminaC1_1_01.CDF 0.22966 0.7419 0.00936 0.00641 0.01267 1
A549_GlutaminaC1_1_01.CDF 0.23158 0.74057 0.00963 0.00599 0.01223 1
A549_GlutaminaC1_1_01.CDF 0.27266 0.70337 0.00667 0.00531 0.01199 1
A549_GlutaminaC1_1_01.CDF 0.27359 0.70314 0.00696 0.00512 0.0112 1
A549_GlutaminaC1_1_01.CDF 0.27689 0.69988 0.00721 0.00563 0.01039 1
A549_GlutaminaC1_1_01.CDF 0.26855 0.70684 0.00721 0.00544 0.01196 1
A549_GlutaminaC1_1_01.CDF 0.26998 0.70609 0.00684 0.00571 0.01138 1
A549_GlutaminaC1_1_01.CDF 0.27275 0.70249 0.00772 0.00575 0.01128 1
A549_GlutaminaC1_1_01.CDF 0.2836 0.69321 0.00666 0.00518 0.01134 1
A549_GlutaminaC1_1_01.CDF 0.28427 0.69274 0.00669 0.00527 0.01102 1
A549_GlutaminaC1_1_01.CDF 0.28672 0.68916 0.00721 0.00568 0.01123 1


*Correction:  -0.35949 0.14642 0.10042 0.06679 0.03086


---- Citrate  ---
*** MID for each injection, corrected only for natural 13C, 29,30Si, 33,34S ***
A549_GlutaminaC1_1_01.CDF 0.52954 0.41883 0.03425 0.00605 0.01208 0.00026 -0.00102 1
A549_GlutaminaC1_1_01.CDF 0.00711 0.91117 0.07444 -0.01075 0.01865 0.00021 -0.00082 1
A549_GlutaminaC1_1_01.CDF 0.52743 0.41953 0.03352 0.00784 0.01298 -0.00068 -0.00062 1
A549_GlutaminaC1_1_01.CDF 0.49733 0.44721 0.03539 0.00846 0.01283 -0.00074 -0.00049 1
A549_GlutaminaC1_1_01.CDF 0.49802 0.44667 0.03624 0.00682 0.01324 -0.00031 -0.00068 1
A549_GlutaminaC1_1_01.CDF 0.49606 0.44771 0.03593 0.00853 0.01301 -0.00064 -6e-04 1
A549_GlutaminaC1_1_01.CDF 0.49381 0.4484 0.03798 0.00728 0.01334 -0.00022 -0.00059 1
A549_GlutaminaC1_1_01.CDF 0.49317 0.44729 0.03882 0.00974 0.0117 -0.00012 -6e-04 1
A549_GlutaminaC1_1_01.CDF 0.49362 0.44754 0.03877 0.00736 0.01407 -0.00072 -0.00064 1
A549_GlutaminaC1_1_01.CDF 0.96761 -0.00089 0.01456 0.02058 -0.00069 -0.00144 0.00027 1
A549_GlutaminaC1_1_01.CDF 0.22873 0.69183 0.04982 0.01333 0.01743 -0.00017 -0.00097 1
A549_GlutaminaC1_1_01.CDF 0.22859 0.69346 0.04786 0.0138 0.01701 0.00015 -0.00088 1
A549_GlutaminaC1_1_01.CDF 0.22179 0.71064 0.03631 0.01524 0.01695 -4e-05 -9e-04 1
A549_GlutaminaC1_1_01.CDF 0.22082 0.71078 0.03691 0.01601 0.01636 -5e-05 -0.00083 1
A549_GlutaminaC1_1_01.CDF 0.22656 0.69781 0.04492 0.01558 0.01572 0.00035 -0.00094 1
A549_GlutaminaC1_1_01.CDF 0.22233 0.70381 0.04392 0.01472 0.01636 -0.00056 -0.00058 1
A549_GlutaminaC1_1_01.CDF 0.45902 0.48937 0.03034 0.00901 0.0136 -0.00067 -0.00068 1
A549_GlutaminaC1_1_01.CDF 0.46046 0.48811 0.03009 0.00891 0.01352 -0.00041 -0.00068 1
A549_GlutaminaC1_1_01.CDF 0.45787 0.48936 0.0312 0.00864 0.01425 -0.00059 -0.00072 1
A549_GlutaminaC1_1_01.CDF 0.46426 0.48445 0.03057 0.00891 0.01311 -0.00067 -0.00062 1
A549_GlutaminaC1_1_01.CDF 0.46249 0.48545 0.03032 0.00938 0.01376 -0.00071 -0.00069 1
A549_GlutaminaC1_1_01.CDF 0.46058 0.48583 0.03244 0.00882 0.01376 -0.00076 -0.00067 1
A549_GlutaminaC1_1_01.CDF 0.4851 0.46678 0.02812 0.00848 0.01268 -0.00049 -0.00067 1
A549_GlutaminaC1_1_01.CDF 0.48468 0.46672 0.02862 0.00868 0.01244 -0.00058 -0.00056 1
A549_GlutaminaC1_1_01.CDF 0.48243 0.46877 0.02796 0.00889 0.01324 -0.00061 -0.00068 1


*** All samples fully corrected **
A549_GlutaminaC1_1_01.CDF 1 0 0 0 0 0 0 1
A549_GlutaminaC1_1_01.CDF 0.00711 0.91117 0.07444 -0.01075 0.01865 0.00021 -0.00082 1
A549_GlutaminaC1_1_01.CDF 0.52743 0.41953 0.03352 0.00784 0.01298 -0.00068 -0.00062 1
A549_GlutaminaC1_1_01.CDF 0.49733 0.44721 0.03539 0.00846 0.01283 -0.00074 -0.00049 1
A549_GlutaminaC1_1_01.CDF 0.49802 0.44667 0.03624 0.00682 0.01324 -0.00031 -0.00068 1
A549_GlutaminaC1_1_01.CDF 0.49606 0.44771 0.03593 0.00853 0.01301 -0.00064 -6e-04 1
A549_GlutaminaC1_1_01.CDF 0.49381 0.4484 0.03798 0.00728 0.01334 -0.00022 -0.00059 1
A549_GlutaminaC1_1_01.CDF 0.49317 0.44729 0.03882 0.00974 0.0117 -0.00012 -6e-04 1
A549_GlutaminaC1_1_01.CDF 0.49362 0.44754 0.03877 0.00736 0.01407 -0.00072 -0.00064 1
A549_GlutaminaC1_1_01.CDF 0.96761 -0.00089 0.01456 0.02058 -0.00069 -0.00144 0.00027 1
A549_GlutaminaC1_1_01.CDF 0.22873 0.69183 0.04982 0.01333 0.01743 -0.00017 -0.00097 1
A549_GlutaminaC1_1_01.CDF 0.22859 0.69346 0.04786 0.0138 0.01701 0.00015 -0.00088 1
A549_GlutaminaC1_1_01.CDF 0.22179 0.71064 0.03631 0.01524 0.01695 -4e-05 -9e-04 1
A549_GlutaminaC1_1_01.CDF 0.22082 0.71078 0.03691 0.01601 0.01636 -5e-05 -0.00083 1
A549_GlutaminaC1_1_01.CDF 0.22656 0.69781 0.04492 0.01558 0.01572 0.00035 -0.00094 1
A549_GlutaminaC1_1_01.CDF 0.22233 0.70381 0.04392 0.01472 0.01636 -0.00056 -0.00058 1
A549_GlutaminaC1_1_01.CDF 0.45902 0.48937 0.03034 0.00901 0.0136 -0.00067 -0.00068 1
A549_GlutaminaC1_1_01.CDF 0.46046 0.48811 0.03009 0.00891 0.01352 -0.00041 -0.00068 1
A549_GlutaminaC1_1_01.CDF 0.45787 0.48936 0.0312 0.00864 0.01425 -0.00059 -0.00072 1
A549_GlutaminaC1_1_01.CDF 0.46426 0.48445 0.03057 0.00891 0.01311 -0.00067 -0.00062 1
A549_GlutaminaC1_1_01.CDF 0.46249 0.48545 0.03032 0.00938 0.01376 -0.00071 -0.00069 1
A549_GlutaminaC1_1_01.CDF 0.46058 0.48583 0.03244 0.00882 0.01376 -0.00076 -0.00067 1
A549_GlutaminaC1_1_01.CDF 0.4851 0.46678 0.02812 0.00848 0.01268 -0.00049 -0.00067 1
A549_GlutaminaC1_1_01.CDF 0.48468 0.46672 0.02862 0.00868 0.01244 -0.00058 -0.00056 1
A549_GlutaminaC1_1_01.CDF 0.48243 0.46877 0.02796 0.00889 0.01324 -0.00061 -0.00068 1


*Correction:  -0.29585 0.15559 0.06972 0.04308 0.02046 0.00611 0.00088


---- Glucose  ---
*** MID for each injection, corrected only for natural 13C, 29,30Si, 33,34S ***
20120713 A549 0H Glucosa C1C2 1_S200 G3_001.CDF 0.54638 0.00015 0.44046 0.00032 0.01207 0.00075 -0.00013 1
20120713 A549 0H Glucosa C1C2 1_S200 G3_001.CDF 0.54755 -3e-05 0.44048 -0.00081 0.01221 0.00074 -0.00013 1
20120713 A549 0H Glucosa C1C2 1_S200 G3_001.CDF 0.54638 0.0013 0.43916 0.00048 0.01206 0.00075 -0.00013 1
20120713 A549 0H Glucosa C1C2 1_S200 G3_001.CDF 0.54405 0.00051 0.44158 0.00017 0.0132 0.00062 -0.00013 1
20120713 A549 0H Glucosa C1C2 1_S200 G3_001.CDF 0.54288 0.00069 0.44271 2e-05 0.01321 0.00062 -0.00013 1
20120713 A549 0H Glucosa C1C2 1_S200 G3_001.CDF 0.54405 0.00051 0.44158 0.00017 0.0132 0.00062 -0.00013 1
20120713 A549 0H Glucosa C1C2 1_S200 G3_001.CDF 0.554 4e-05 0.43196 0.00025 0.01213 0.00074 0.00087 1
20120713 A549 0H Glucosa C1C2 1_S200 G3_001.CDF 0.55517 0.00102 0.43181 0.00026 0.01102 0.00086 -0.00014 1
20120713 A549 0H Glucosa C1C2 1_S200 G3_001.CDF 0.55167 0.00155 0.43177 0.00027 0.01325 0.00062 0.00087 1
20120713 A549 0H Glucosa C1C2 1_S200 G3_001.CDF 0.55456 4e-05 0.43354 1e-04 0.01104 0.00086 -0.00014 1
20120713 A549 0H Glucosa C1C2 1_S200 G3_001.CDF 0.55456 4e-05 0.43354 1e-04 0.01104 0.00086 -0.00014 1
20120713 A549 0H Glucosa C1C2 1_S200 G3_001.CDF 0.55284 0.00022 0.43309 1e-04 0.01326 0.00062 -0.00013 1
20120713 A549 0H Glucosa C1C2 1_S200 G3_001.CDF 0.55456 0.0012 0.43109 0.00042 0.01213 0.00074 -0.00013 1
20120713 A549 0H Glucosa C1C2 1_S200 G3_001.CDF 0.55284 0.00138 0.43178 0.00026 0.01325 0.00062 -0.00013 1
20120713 A549 0H Glucosa C1C2 1_S200 G3_001.CDF 0.55339 0.00138 0.43107 0.00042 0.01325 0.00062 -0.00013 1
20120713 A549 0H Glucosa C1C2 1_S200 G3_001.CDF 0.97232 0.00052 0.0258 0.00064 0.00082 -1e-04 0 1
20120713 A549 0H Glucosa C1C2 1_S200 G3_001.CDF 0.5277 0.00187 0.45641 0.0016 0.01179 0.00076 -0.00013 1
20120713 A549 0H Glucosa C1C2 1_S200 G3_001.CDF 0.52823 0.00187 0.45687 0.0016 0.01068 0.00089 -0.00014 1
20120713 A549 0H Glucosa C1C2 1_S200 G3_001.CDF 0.5277 0.00187 0.45641 0.0016 0.01179 0.00076 -0.00013 1
20120713 A549 0H Glucosa C1C2 1_S200 G3_001.CDF 0.5277 0.00187 0.45641 0.0016 0.01179 0.00076 -0.00013 1
20120713 A549 0H Glucosa C1C2 1_S200 G3_001.CDF 0.5277 0.00187 0.45641 0.0016 0.01179 0.00076 -0.00013 1
20120713 A549 0H Glucosa C1C2 1_S200 G3_001.CDF 0.5277 0.00187 0.45641 0.0016 0.01179 0.00076 -0.00013 1
20120713 A549 0H Glucosa C1C2 1_S200 G3_001.CDF 0.55161 0.00058 0.43393 0.00123 0.01203 0.00075 -0.00013 1
20120713 A549 0H Glucosa C1C2 1_S200 G3_001.CDF 0.5505 0.00173 0.4329 0.00124 0.012 0.00075 0.00087 1
20120713 A549 0H Glucosa C1C2 1_S200 G3_001.CDF 0.55161 0.00058 0.43393 0.00123 0.01203 0.00075 -0.00013 1
20120713 A549 0H Glucosa C1C2 1_S200 G3_001.CDF 0.54693 0.00015 0.4409 0.00032 0.01097 0.00087 -0.00014 1
20120713 A549 0H Glucosa C1C2 1_S200 G3_001.CDF 0.54522 0.00148 0.43914 0.00161 0.01192 0.00075 -0.00013 1
20120713 A549 0H Glucosa C1C2 1_S200 G3_001.CDF 0.54576 0.00148 0.43958 0.00048 0.01207 0.00075 -0.00013 1
20120713 A549 0H Glucosa C1C2 1_S200 G3_001.CDF 0.55572 0.00102 0.42996 0.00057 0.01213 0.00074 -0.00013 1
20120713 A549 0H Glucosa C1C2 1_S200 G3_001.CDF 0.55456 0.0012 0.42994 0.0017 0.01199 0.00075 -0.00013 1
20120713 A549 0H Glucosa C1C2 1_S200 G3_001.CDF 0.55456 0.0012 0.42994 0.0017 0.01199 0.00075 -0.00013 1
20120713 A549 0H Glucosa C1C2 1_S200 G3_001.CDF 0.97018 0.00301 0.02543 0.00066 0.00082 -1e-04 0 1
20120713 A549 0H Glucosa C1C2 1_S200 G3_001.CDF 0.4878 0.00157 0.49452 0.00205 0.01341 0.00038 0.00028 1
20120713 A549 0H Glucosa C1C2 1_S200 G3_001.CDF 0.48747 0.00194 0.49401 0.00225 0.0136 0.00042 0.00031 1
20120713 A549 0H Glucosa C1C2 1_S200 G3_001.CDF 0.48768 0.00191 0.49374 0.00228 0.01363 4e-04 0.00035 1
20120713 A549 0H Glucosa C1C2 1_S200 G3_001.CDF 0.48742 0.00154 0.49434 0.0018 0.01433 0.00029 0.00029 1
20120713 A549 0H Glucosa C1C2 1_S200 G3_001.CDF 0.48811 0.00158 0.49481 0.00172 0.01323 0.00028 0.00027 1
20120713 A549 0H Glucosa C1C2 1_S200 G3_001.CDF 0.48553 0.00163 0.49593 0.00206 0.01421 0.00035 3e-04 1
20120713 A549 0H Glucosa C1C2 1_S200 G3_001.CDF 0.48627 0.00188 0.49568 0.00208 0.01347 0.00033 0.00029 1
20120713 A549 0H Glucosa C1C2 1_S200 G3_001.CDF 0.486 0.00161 0.49525 0.0019 0.01456 0.00038 3e-04 1
20120713 A549 0H Glucosa C1C2 1_S200 G3_001.CDF 0.96913 0.00291 0.02666 0.00064 0.00056 8e-05 2e-05 1
20120713 A549 0H Glucosa C1C2 1_S200 G3_001.CDF 0.48545 0.00199 0.4961 0.00204 0.0138 0.00034 0.00029 1
20120713 A549 0H Glucosa C1C2 1_S200 G3_001.CDF 0.48519 0.0018 0.49573 0.00208 0.01451 0.00039 3e-04 1
20120713 A549 0H Glucosa C1C2 1_S200 G3_001.CDF 0.48636 0.0018 0.49528 0.00222 0.01362 0.00042 0.00031 1
20120713 A549 0H Glucosa C1C2 1_S200 G3_001.CDF 0.48548 0.00203 0.49595 0.0022 0.01365 0.00042 0.00027 1
20120713 A549 0H Glucosa C1C2 1_S200 G3_001.CDF 0.48557 0.00195 0.49607 0.00227 0.01343 0.00043 0.00028 1
20120713 A549 0H Glucosa C1C2 1_S200 G3_001.CDF 0.48675 0.00206 0.49435 0.00246 0.01357 0.00049 0.00032 1
20120713 A549 0H Glucosa C1C2 1_S200 G3_001.CDF 0.4876 0.00169 0.49491 0.00197 0.01325 3e-04 0.00028 1
20120713 A549 0H Glucosa C1C2 1_S200 G3_001.CDF 0.48696 0.00175 0.49429 0.00208 0.01435 0.00028 0.00029 1


*** All samples fully corrected **
20120713 A549 0H Glucosa C1C2 1_S200 G3_001.CDF 1 0 0 0 0 0 0 1
20120713 A549 0H Glucosa C1C2 1_S200 G3_001.CDF 0.54755 -3e-05 0.44048 -0.00081 0.01221 0.00074 -0.00013 1
20120713 A549 0H Glucosa C1C2 1_S200 G3_001.CDF 0.54638 0.0013 0.43916 0.00048 0.01206 0.00075 -0.00013 1
20120713 A549 0H Glucosa C1C2 1_S200 G3_001.CDF 0.54405 0.00051 0.44158 0.00017 0.0132 0.00062 -0.00013 1
20120713 A549 0H Glucosa C1C2 1_S200 G3_001.CDF 0.54288 0.00069 0.44271 2e-05 0.01321 0.00062 -0.00013 1
20120713 A549 0H Glucosa C1C2 1_S200 G3_001.CDF 0.54405 0.00051 0.44158 0.00017 0.0132 0.00062 -0.00013 1
20120713 A549 0H Glucosa C1C2 1_S200 G3_001.CDF 0.554 4e-05 0.43196 0.00025 0.01213 0.00074 0.00087 1
20120713 A549 0H Glucosa C1C2 1_S200 G3_001.CDF 0.55517 0.00102 0.43181 0.00026 0.01102 0.00086 -0.00014 1
20120713 A549 0H Glucosa C1C2 1_S200 G3_001.CDF 0.55167 0.00155 0.43177 0.00027 0.01325 0.00062 0.00087 1
20120713 A549 0H Glucosa C1C2 1_S200 G3_001.CDF 0.55456 4e-05 0.43354 1e-04 0.01104 0.00086 -0.00014 1
20120713 A549 0H Glucosa C1C2 1_S200 G3_001.CDF 0.55456 4e-05 0.43354 1e-04 0.01104 0.00086 -0.00014 1
20120713 A549 0H Glucosa C1C2 1_S200 G3_001.CDF 0.55284 0.00022 0.43309 1e-04 0.01326 0.00062 -0.00013 1
20120713 A549 0H Glucosa C1C2 1_S200 G3_001.CDF 0.55456 0.0012 0.43109 0.00042 0.01213 0.00074 -0.00013 1
20120713 A549 0H Glucosa C1C2 1_S200 G3_001.CDF 0.55284 0.00138 0.43178 0.00026 0.01325 0.00062 -0.00013 1
20120713 A549 0H Glucosa C1C2 1_S200 G3_001.CDF 0.55339 0.00138 0.43107 0.00042 0.01325 0.00062 -0.00013 1
20120713 A549 0H Glucosa C1C2 1_S200 G3_001.CDF 0.97232 0.00052 0.0258 0.00064 0.00082 -1e-04 0 1
20120713 A549 0H Glucosa C1C2 1_S200 G3_001.CDF 0.5277 0.00187 0.45641 0.0016 0.01179 0.00076 -0.00013 1
20120713 A549 0H Glucosa C1C2 1_S200 G3_001.CDF 0.52823 0.00187 0.45687 0.0016 0.01068 0.00089 -0.00014 1
20120713 A549 0H Glucosa C1C2 1_S200 G3_001.CDF 0.5277 0.00187 0.45641 0.0016 0.01179 0.00076 -0.00013 1
20120713 A549 0H Glucosa C1C2 1_S200 G3_001.CDF 0.5277 0.00187 0.45641 0.0016 0.01179 0.00076 -0.00013 1
20120713 A549 0H Glucosa C1C2 1_S200 G3_001.CDF 0.5277 0.00187 0.45641 0.0016 0.01179 0.00076 -0.00013 1
20120713 A549 0H Glucosa C1C2 1_S200 G3_001.CDF 0.5277 0.00187 0.45641 0.0016 0.01179 0.00076 -0.00013 1
20120713 A549 0H Glucosa C1C2 1_S200 G3_001.CDF 0.55161 0.00058 0.43393 0.00123 0.01203 0.00075 -0.00013 1
20120713 A549 0H Glucosa C1C2 1_S200 G3_001.CDF 0.5505 0.00173 0.4329 0.00124 0.012 0.00075 0.00087 1
20120713 A549 0H Glucosa C1C2 1_S200 G3_001.CDF 0.55161 0.00058 0.43393 0.00123 0.01203 0.00075 -0.00013 1
20120713 A549 0H Glucosa C1C2 1_S200 G3_001.CDF 0.54693 0.00015 0.4409 0.00032 0.01097 0.00087 -0.00014 1
20120713 A549 0H Glucosa C1C2 1_S200 G3_001.CDF 0.54522 0.00148 0.43914 0.00161 0.01192 0.00075 -0.00013 1
20120713 A549 0H Glucosa C1C2 1_S200 G3_001.CDF 0.54576 0.00148 0.43958 0.00048 0.01207 0.00075 -0.00013 1
20120713 A549 0H Glucosa C1C2 1_S200 G3_001.CDF 0.55572 0.00102 0.42996 0.00057 0.01213 0.00074 -0.00013 1
20120713 A549 0H Glucosa C1C2 1_S200 G3_001.CDF 0.55456 0.0012 0.42994 0.0017 0.01199 0.00075 -0.00013 1
20120713 A549 0H Glucosa C1C2 1_S200 G3_001.CDF 0.55456 0.0012 0.42994 0.0017 0.01199 0.00075 -0.00013 1
20120713 A549 0H Glucosa C1C2 1_S200 G3_001.CDF 0.97018 0.00301 0.02543 0.00066 0.00082 -1e-04 0 1
20120713 A549 0H Glucosa C1C2 1_S200 G3_001.CDF 0.4878 0.00157 0.49452 0.00205 0.01341 0.00038 0.00028 1
20120713 A549 0H Glucosa C1C2 1_S200 G3_001.CDF 0.48747 0.00194 0.49401 0.00225 0.0136 0.00042 0.00031 1
20120713 A549 0H Glucosa C1C2 1_S200 G3_001.CDF 0.48768 0.00191 0.49374 0.00228 0.01363 4e-04 0.00035 1
20120713 A549 0H Glucosa C1C2 1_S200 G3_001.CDF 0.48742 0.00154 0.49434 0.0018 0.01433 0.00029 0.00029 1
20120713 A549 0H Glucosa C1C2 1_S200 G3_001.CDF 0.48811 0.00158 0.49481 0.00172 0.01323 0.00028 0.00027 1
20120713 A549 0H Glucosa C1C2 1_S200 G3_001.CDF 0.48553 0.00163 0.49593 0.00206 0.01421 0.00035 3e-04 1
20120713 A549 0H Glucosa C1C2 1_S200 G3_001.CDF 0.48627 0.00188 0.49568 0.00208 0.01347 0.00033 0.00029 1
20120713 A549 0H Glucosa C1C2 1_S200 G3_001.CDF 0.486 0.00161 0.49525 0.0019 0.01456 0.00038 3e-04 1
20120713 A549 0H Glucosa C1C2 1_S200 G3_001.CDF 0.96913 0.00291 0.02666 0.00064 0.00056 8e-05 2e-05 1
20120713 A549 0H Glucosa C1C2 1_S200 G3_001.CDF 0.48545 0.00199 0.4961 0.00204 0.0138 0.00034 0.00029 1
20120713 A549 0H Glucosa C1C2 1_S200 G3_001.CDF 0.48519 0.0018 0.49573 0.00208 0.01451 0.00039 3e-04 1
20120713 A549 0H Glucosa C1C2 1_S200 G3_001.CDF 0.48636 0.0018 0.49528 0.00222 0.01362 0.00042 0.00031 1
20120713 A549 0H Glucosa C1C2 1_S200 G3_001.CDF 0.48548 0.00203 0.49595 0.0022 0.01365 0.00042 0.00027 1
20120713 A549 0H Glucosa C1C2 1_S200 G3_001.CDF 0.48557 0.00195 0.49607 0.00227 0.01343 0.00043 0.00028 1
20120713 A549 0H Glucosa C1C2 1_S200 G3_001.CDF 0.48675 0.00206 0.49435 0.00246 0.01357 0.00049 0.00032 1
20120713 A549 0H Glucosa C1C2 1_S200 G3_001.CDF 0.4876 0.00169 0.49491 0.00197 0.01325 3e-04 0.00028 1
20120713 A549 0H Glucosa C1C2 1_S200 G3_001.CDF 0.48696 0.00175 0.49429 0.00208 0.01435 0.00028 0.00029 1


*Correction:  -0.38854 -0.06037 0.38136 0.05157 0.01399 0.002 0


---- Glutamate2-4  ---
*** MID for each injection, corrected only for natural 13C, 29,30Si, 33,34S ***
20121108 A549 24h Glucosa_C1C2 1_01.CDF 0.86335 0.1113 0.02213 0.00322 1
20121108 A549 24h Glucosa_C1C2 1_01.CDF 0.86355 0.11113 0.02211 0.00322 1
20121108 A549 24h Glucosa_C1C2 1_01.CDF 0.86442 0.11124 0.02109 0.00325 1
20121108 A549 24h Glucosa_C1C2 1_01.CDF 0.86355 0.11113 0.02211 0.00322 1
20121108 A549 24h Glucosa_C1C2 1_01.CDF 0.86442 0.11124 0.02109 0.00325 1
20121108 A549 24h Glucosa_C1C2 1_01.CDF 0.86355 0.11113 0.02211 0.00322 1
20121108 A549 24h Glucosa_C1C2 1_01.CDF 0.86335 0.1113 0.02213 0.00322 1
20121108 A549 24h Glucosa_C1C2 1_01.CDF 0.86355 0.11113 0.02211 0.00322 1
20121108 A549 24h Glucosa_C1C2 1_01.CDF 0.86335 0.1113 0.02213 0.00322 1
20121108 A549 24h Glucosa_C1C2 1_01.CDF 0.22367 0.71947 0.04478 0.01208 1
20121108 A549 24h Glucosa_C1C2 1_01.CDF 0.22283 0.72025 0.04483 0.01209 1
20121108 A549 24h Glucosa_C1C2 1_01.CDF 0.22283 0.72025 0.04483 0.01209 1
20121108 A549 24h Glucosa_C1C2 1_01.CDF 0.21731 0.72401 0.04563 0.01305 1
20121108 A549 24h Glucosa_C1C2 1_01.CDF 0.21753 0.72474 0.04567 0.01206 1
20121108 A549 24h Glucosa_C1C2 1_01.CDF 0.21753 0.72474 0.04567 0.01206 1
20121108 A549 24h Glucosa_C1C2 1_01.CDF 0.21222 0.73027 0.04544 0.01207 1
20121108 A549 24h Glucosa_C1C2 1_01.CDF 0.21222 0.72922 0.04548 0.01307 1
20121108 A549 24h Glucosa_C1C2 1_01.CDF 0.21201 0.72954 0.04539 0.01306 1
20121108 A549 24h Glucosa_C1C2 1_01.CDF 0.89754 0.0851 0.0149 0.00246 1
20121108 A549 24h Glucosa_C1C2 1_01.CDF 0.8457 0.12349 0.02571 0.0051 1
20121108 A549 24h Glucosa_C1C2 1_01.CDF 0.84549 0.12368 0.02573 0.0051 1
20121108 A549 24h Glucosa_C1C2 1_01.CDF 0.84549 0.12368 0.02573 0.0051 1
20121108 A549 24h Glucosa_C1C2 1_01.CDF 0.84953 0.12047 0.0259 0.0041 1
20121108 A549 24h Glucosa_C1C2 1_01.CDF 0.84974 0.12029 0.02588 0.00409 1
20121108 A549 24h Glucosa_C1C2 1_01.CDF 0.85059 0.12041 0.02486 0.00413 1
20121108 A549 24h Glucosa_C1C2 1_01.CDF 0.84655 0.12257 0.02578 0.0051 1
20121108 A549 24h Glucosa_C1C2 1_01.CDF 0.84655 0.12257 0.02578 0.0051 1
20121108 A549 24h Glucosa_C1C2 1_01.CDF 0.8474 0.12269 0.02581 0.0041 1
20121108 A549 24h Glucosa_C1C2 1_01.CDF 0.24087 0.70456 0.04238 0.01218 1
20121108 A549 24h Glucosa_C1C2 1_01.CDF 0.24087 0.70456 0.04238 0.01218 1
20121108 A549 24h Glucosa_C1C2 1_01.CDF 0.24087 0.70456 0.04238 0.01218 1
20121108 A549 24h Glucosa_C1C2 1_01.CDF 0.21943 0.72494 0.04351 0.01212 1
20121108 A549 24h Glucosa_C1C2 1_01.CDF 0.21859 0.72678 0.04247 0.01217 1
20121108 A549 24h Glucosa_C1C2 1_01.CDF 0.21943 0.72599 0.04243 0.01215 1
20121108 A549 24h Glucosa_C1C2 1_01.CDF 0.24618 0.69902 0.04262 0.01218 1
20121108 A549 24h Glucosa_C1C2 1_01.CDF 0.24699 0.69826 0.04258 0.01217 1
20121108 A549 24h Glucosa_C1C2 1_01.CDF 0.24699 0.69826 0.04258 0.01217 1
20121108 A549 24h Glucosa_C1C2 1_01.CDF 0.89435 0.08632 0.01693 0.0024 1
20121108 A549 24h Glucosa_C1C2 1_01.CDF 0.87846 0.09627 0.01983 0.00544 1
20121108 A549 24h Glucosa_C1C2 1_01.CDF 0.87007 0.10084 0.02298 0.00612 1
20121108 A549 24h Glucosa_C1C2 1_01.CDF 0.87517 0.09964 0.02019 0.005 1
20121108 A549 24h Glucosa_C1C2 1_01.CDF 0.87096 0.10038 0.02263 0.00603 1
20121108 A549 24h Glucosa_C1C2 1_01.CDF 0.87127 0.10009 0.02264 0.006 1
20121108 A549 24h Glucosa_C1C2 1_01.CDF 0.87057 0.10064 0.02264 0.00615 1
20121108 A549 24h Glucosa_C1C2 1_01.CDF 0.8714 0.09994 0.02268 0.00597 1
20121108 A549 24h Glucosa_C1C2 1_01.CDF 0.00179 0.92857 0.052 0.01764 1
20121108 A549 24h Glucosa_C1C2 1_01.CDF 0.00243 0.92792 0.05193 0.01772 1
20121108 A549 24h Glucosa_C1C2 1_01.CDF 0.00329 0.92601 0.05238 0.01832 1
20121108 A549 24h Glucosa_C1C2 1_01.CDF 0.00421 0.92364 0.05219 0.01996 1
20121108 A549 24h Glucosa_C1C2 1_01.CDF 0.00287 0.92674 0.05238 0.01802 1
20121108 A549 24h Glucosa_C1C2 1_01.CDF 0.0042 0.92398 0.05202 0.0198 1


*** All samples fully corrected **
20121108 A549 24h Glucosa_C1C2 1_01.CDF 1 0 0 0 1
20121108 A549 24h Glucosa_C1C2 1_01.CDF 0.86355 0.11113 0.02211 0.00322 1
20121108 A549 24h Glucosa_C1C2 1_01.CDF 0.86442 0.11124 0.02109 0.00325 1
20121108 A549 24h Glucosa_C1C2 1_01.CDF 0.86355 0.11113 0.02211 0.00322 1
20121108 A549 24h Glucosa_C1C2 1_01.CDF 0.86442 0.11124 0.02109 0.00325 1
20121108 A549 24h Glucosa_C1C2 1_01.CDF 0.86355 0.11113 0.02211 0.00322 1
20121108 A549 24h Glucosa_C1C2 1_01.CDF 0.86335 0.1113 0.02213 0.00322 1
20121108 A549 24h Glucosa_C1C2 1_01.CDF 0.86355 0.11113 0.02211 0.00322 1
20121108 A549 24h Glucosa_C1C2 1_01.CDF 0.86335 0.1113 0.02213 0.00322 1
20121108 A549 24h Glucosa_C1C2 1_01.CDF 0.22367 0.71947 0.04478 0.01208 1
20121108 A549 24h Glucosa_C1C2 1_01.CDF 0.22283 0.72025 0.04483 0.01209 1
20121108 A549 24h Glucosa_C1C2 1_01.CDF 0.22283 0.72025 0.04483 0.01209 1
20121108 A549 24h Glucosa_C1C2 1_01.CDF 0.21731 0.72401 0.04563 0.01305 1
20121108 A549 24h Glucosa_C1C2 1_01.CDF 0.21753 0.72474 0.04567 0.01206 1
20121108 A549 24h Glucosa_C1C2 1_01.CDF 0.21753 0.72474 0.04567 0.01206 1
20121108 A549 24h Glucosa_C1C2 1_01.CDF 0.21222 0.73027 0.04544 0.01207 1
20121108 A549 24h Glucosa_C1C2 1_01.CDF 0.21222 0.72922 0.04548 0.01307 1
20121108 A549 24h Glucosa_C1C2 1_01.CDF 0.21201 0.72954 0.04539 0.01306 1
20121108 A549 24h Glucosa_C1C2 1_01.CDF 0.89754 0.0851 0.0149 0.00246 1
20121108 A549 24h Glucosa_C1C2 1_01.CDF 0.8457 0.12349 0.02571 0.0051 1
20121108 A549 24h Glucosa_C1C2 1_01.CDF 0.84549 0.12368 0.02573 0.0051 1
20121108 A549 24h Glucosa_C1C2 1_01.CDF 0.84549 0.12368 0.02573 0.0051 1
20121108 A549 24h Glucosa_C1C2 1_01.CDF 0.84953 0.12047 0.0259 0.0041 1
20121108 A549 24h Glucosa_C1C2 1_01.CDF 0.84974 0.12029 0.02588 0.00409 1
20121108 A549 24h Glucosa_C1C2 1_01.CDF 0.85059 0.12041 0.02486 0.00413 1
20121108 A549 24h Glucosa_C1C2 1_01.CDF 0.84655 0.12257 0.02578 0.0051 1
20121108 A549 24h Glucosa_C1C2 1_01.CDF 0.84655 0.12257 0.02578 0.0051 1
20121108 A549 24h Glucosa_C1C2 1_01.CDF 0.8474 0.12269 0.02581 0.0041 1
20121108 A549 24h Glucosa_C1C2 1_01.CDF 0.24087 0.70456 0.04238 0.01218 1
20121108 A549 24h Glucosa_C1C2 1_01.CDF 0.24087 0.70456 0.04238 0.01218 1
20121108 A549 24h Glucosa_C1C2 1_01.CDF 0.24087 0.70456 0.04238 0.01218 1
20121108 A549 24h Glucosa_C1C2 1_01.CDF 0.21943 0.72494 0.04351 0.01212 1
20121108 A549 24h Glucosa_C1C2 1_01.CDF 0.21859 0.72678 0.04247 0.01217 1
20121108 A549 24h Glucosa_C1C2 1_01.CDF 0.21943 0.72599 0.04243 0.01215 1
20121108 A549 24h Glucosa_C1C2 1_01.CDF 0.24618 0.69902 0.04262 0.01218 1
20121108 A549 24h Glucosa_C1C2 1_01.CDF 0.24699 0.69826 0.04258 0.01217 1
20121108 A549 24h Glucosa_C1C2 1_01.CDF 0.24699 0.69826 0.04258 0.01217 1
20121108 A549 24h Glucosa_C1C2 1_01.CDF 0.89435 0.08632 0.01693 0.0024 1
20121108 A549 24h Glucosa_C1C2 1_01.CDF 0.87846 0.09627 0.01983 0.00544 1
20121108 A549 24h Glucosa_C1C2 1_01.CDF 0.87007 0.10084 0.02298 0.00612 1
20121108 A549 24h Glucosa_C1C2 1_01.CDF 0.87517 0.09964 0.02019 0.005 1
20121108 A549 24h Glucosa_C1C2 1_01.CDF 0.87096 0.10038 0.02263 0.00603 1
20121108 A549 24h Glucosa_C1C2 1_01.CDF 0.87127 0.10009 0.02264 0.006 1
20121108 A549 24h Glucosa_C1C2 1_01.CDF 0.87057 0.10064 0.02264 0.00615 1
20121108 A549 24h Glucosa_C1C2 1_01.CDF 0.8714 0.09994 0.02268 0.00597 1
20121108 A549 24h Glucosa_C1C2 1_01.CDF 0.00179 0.92857 0.052 0.01764 1
20121108 A549 24h Glucosa_C1C2 1_01.CDF 0.00243 0.92792 0.05193 0.01772 1
20121108 A549 24h Glucosa_C1C2 1_01.CDF 0.00329 0.92601 0.05238 0.01832 1
20121108 A549 24h Glucosa_C1C2 1_01.CDF 0.00421 0.92364 0.05219 0.01996 1
20121108 A549 24h Glucosa_C1C2 1_01.CDF 0.00287 0.92674 0.05238 0.01802 1
20121108 A549 24h Glucosa_C1C2 1_01.CDF 0.0042 0.92398 0.05202 0.0198 1


*Correction:  -0.1342 0.09838 0.02583 0.00399


---- Glutamate2-5  ---
*** MID for each injection, corrected only for natural 13C, 29,30Si, 33,34S ***
20121108 A549 24h Glucosa_C1C2 1_01.CDF 0.94132 0.01404 0.04042 0.00232 0.0019 1
20121108 A549 24h Glucosa_C1C2 1_01.CDF 0.93718 0.01424 0.04351 0.00218 0.0029 1
20121108 A549 24h Glucosa_C1C2 1_01.CDF 0.93731 0.01416 0.04346 0.00218 0.0029 1
20121108 A549 24h Glucosa_C1C2 1_01.CDF 0.93624 0.01423 0.04451 0.00213 0.0029 1
20121108 A549 24h Glucosa_C1C2 1_01.CDF 0.94252 0.01389 0.03933 0.00236 0.0019 1
20121108 A549 24h Glucosa_C1C2 1_01.CDF 0.93825 0.01417 0.04246 0.00222 0.0029 1
20121108 A549 24h Glucosa_C1C2 1_01.CDF 0.93718 0.01424 0.04351 0.00218 0.0029 1
20121108 A549 24h Glucosa_C1C2 1_01.CDF 0.93718 0.01424 0.04351 0.00218 0.0029 1
20121108 A549 24h Glucosa_C1C2 1_01.CDF 0.93731 0.01416 0.04346 0.00218 0.0029 1
20121108 A549 24h Glucosa_C1C2 1_01.CDF 0.23128 0.7472 0.01295 0.00784 0.00073 1
20121108 A549 24h Glucosa_C1C2 1_01.CDF 0.23021 0.74727 0.01399 0.00779 0.00073 1
20121108 A549 24h Glucosa_C1C2 1_01.CDF 0.22998 0.74547 0.01613 0.00769 0.00073 1
20121108 A549 24h Glucosa_C1C2 1_01.CDF 0.22486 0.7561 0.01037 0.00794 0.00073 1
20121108 A549 24h Glucosa_C1C2 1_01.CDF 0.22379 0.75299 0.01474 0.00775 0.00073 1
20121108 A549 24h Glucosa_C1C2 1_01.CDF 0.22379 0.75193 0.01584 0.00771 0.00073 1
20121108 A549 24h Glucosa_C1C2 1_01.CDF 0.21843 0.75758 0.01554 0.00771 0.00073 1
20121108 A549 24h Glucosa_C1C2 1_01.CDF 0.21865 0.75834 0.01451 0.00777 0.00073 1
20121108 A549 24h Glucosa_C1C2 1_01.CDF 0.21865 0.75728 0.01561 0.00772 0.00073 1
20121108 A549 24h Glucosa_C1C2 1_01.CDF 0.98197 0.00607 0.00939 0.00059 0.00198 1
20121108 A549 24h Glucosa_C1C2 1_01.CDF 0.91794 0.01657 0.05805 0.0036 0.00384 1
20121108 A549 24h Glucosa_C1C2 1_01.CDF 0.91794 0.01762 0.05694 0.00365 0.00384 1
20121108 A549 24h Glucosa_C1C2 1_01.CDF 0.91794 0.01657 0.05805 0.0036 0.00384 1
20121108 A549 24h Glucosa_C1C2 1_01.CDF 0.92207 0.01637 0.05497 0.00374 0.00284 1
20121108 A549 24h Glucosa_C1C2 1_01.CDF 0.92115 0.01636 0.05492 0.00374 0.00384 1
20121108 A549 24h Glucosa_C1C2 1_01.CDF 0.92115 0.01636 0.05596 0.00369 0.00284 1
20121108 A549 24h Glucosa_C1C2 1_01.CDF 0.91886 0.01658 0.05706 0.00365 0.00385 1
20121108 A549 24h Glucosa_C1C2 1_01.CDF 0.91886 0.01764 0.057 0.00365 0.00284 1
20121108 A549 24h Glucosa_C1C2 1_01.CDF 0.91794 0.01762 0.05694 0.00365 0.00384 1
20121108 A549 24h Glucosa_C1C2 1_01.CDF 0.25031 0.72508 0.01617 0.00771 0.00073 1
20121108 A549 24h Glucosa_C1C2 1_01.CDF 0.25031 0.72614 0.01506 0.00776 0.00073 1
20121108 A549 24h Glucosa_C1C2 1_01.CDF 0.25138 0.72501 0.01512 0.00776 0.00073 1
20121108 A549 24h Glucosa_C1C2 1_01.CDF 0.2257 0.75104 0.01478 0.00774 0.00073 1
20121108 A549 24h Glucosa_C1C2 1_01.CDF 0.22593 0.74967 0.01596 0.0077 0.00073 1
20121108 A549 24h Glucosa_C1C2 1_01.CDF 0.22486 0.7508 0.0159 0.00771 0.00073 1
20121108 A549 24h Glucosa_C1C2 1_01.CDF 0.25779 0.71824 0.01548 0.00775 0.00073 1
20121108 A549 24h Glucosa_C1C2 1_01.CDF 0.25805 0.72002 0.01334 0.00785 0.00073 1
20121108 A549 24h Glucosa_C1C2 1_01.CDF 0.25779 0.71718 0.01659 0.00771 0.00073 1
20121108 A549 24h Glucosa_C1C2 1_01.CDF 0.97885 0.00832 0.01031 0.00054 0.00197 1
20121108 A549 24h Glucosa_C1C2 1_01.CDF 0.97575 0.0126 0.00958 0.00017 0.0019 1
20121108 A549 24h Glucosa_C1C2 1_01.CDF 0.9679 0.01181 0.01722 0.00085 0.00221 1
20121108 A549 24h Glucosa_C1C2 1_01.CDF 0.96652 0.01168 0.01858 0.00088 0.00234 1
20121108 A549 24h Glucosa_C1C2 1_01.CDF 0.96786 0.01276 0.01646 0.00079 0.00213 1
20121108 A549 24h Glucosa_C1C2 1_01.CDF 0.96744 0.0128 0.01677 0.00081 0.00218 1
20121108 A549 24h Glucosa_C1C2 1_01.CDF 0.96721 0.01367 0.01625 0.00073 0.00214 1
20121108 A549 24h Glucosa_C1C2 1_01.CDF 0.9713 0.00908 0.01666 0.00077 0.00218 1
20121108 A549 24h Glucosa_C1C2 1_01.CDF 0 0.97261 0.01789 0.00918 0.00031 1
20121108 A549 24h Glucosa_C1C2 1_01.CDF 0 0.9726 0.01777 0.00933 0.00031 1
20121108 A549 24h Glucosa_C1C2 1_01.CDF 0 0.97341 0.01719 0.00912 0.00028 1
20121108 A549 24h Glucosa_C1C2 1_01.CDF 0 0.97303 0.01741 0.00926 3e-04 1
20121108 A549 24h Glucosa_C1C2 1_01.CDF 0 0.97298 0.01752 0.0092 0.00029 1
20121108 A549 24h Glucosa_C1C2 1_01.CDF 0 0.97324 0.01713 0.00932 0.00032 1


*** All samples fully corrected **
20121108 A549 24h Glucosa_C1C2 1_01.CDF 1 0 0 0 0 1
20121108 A549 24h Glucosa_C1C2 1_01.CDF 0.93718 0.01424 0.04351 0.00218 0.0029 1
20121108 A549 24h Glucosa_C1C2 1_01.CDF 0.93731 0.01416 0.04346 0.00218 0.0029 1
20121108 A549 24h Glucosa_C1C2 1_01.CDF 0.93624 0.01423 0.04451 0.00213 0.0029 1
20121108 A549 24h Glucosa_C1C2 1_01.CDF 0.94252 0.01389 0.03933 0.00236 0.0019 1
20121108 A549 24h Glucosa_C1C2 1_01.CDF 0.93825 0.01417 0.04246 0.00222 0.0029 1
20121108 A549 24h Glucosa_C1C2 1_01.CDF 0.93718 0.01424 0.04351 0.00218 0.0029 1
20121108 A549 24h Glucosa_C1C2 1_01.CDF 0.93718 0.01424 0.04351 0.00218 0.0029 1
20121108 A549 24h Glucosa_C1C2 1_01.CDF 0.93731 0.01416 0.04346 0.00218 0.0029 1
20121108 A549 24h Glucosa_C1C2 1_01.CDF 0.23128 0.7472 0.01295 0.00784 0.00073 1
20121108 A549 24h Glucosa_C1C2 1_01.CDF 0.23021 0.74727 0.01399 0.00779 0.00073 1
20121108 A549 24h Glucosa_C1C2 1_01.CDF 0.22998 0.74547 0.01613 0.00769 0.00073 1
20121108 A549 24h Glucosa_C1C2 1_01.CDF 0.22486 0.7561 0.01037 0.00794 0.00073 1
20121108 A549 24h Glucosa_C1C2 1_01.CDF 0.22379 0.75299 0.01474 0.00775 0.00073 1
20121108 A549 24h Glucosa_C1C2 1_01.CDF 0.22379 0.75193 0.01584 0.00771 0.00073 1
20121108 A549 24h Glucosa_C1C2 1_01.CDF 0.21843 0.75758 0.01554 0.00771 0.00073 1
20121108 A549 24h Glucosa_C1C2 1_01.CDF 0.21865 0.75834 0.01451 0.00777 0.00073 1
20121108 A549 24h Glucosa_C1C2 1_01.CDF 0.21865 0.75728 0.01561 0.00772 0.00073 1
20121108 A549 24h Glucosa_C1C2 1_01.CDF 0.98197 0.00607 0.00939 0.00059 0.00198 1
20121108 A549 24h Glucosa_C1C2 1_01.CDF 0.91794 0.01657 0.05805 0.0036 0.00384 1
20121108 A549 24h Glucosa_C1C2 1_01.CDF 0.91794 0.01762 0.05694 0.00365 0.00384 1
20121108 A549 24h Glucosa_C1C2 1_01.CDF 0.91794 0.01657 0.05805 0.0036 0.00384 1
20121108 A549 24h Glucosa_C1C2 1_01.CDF 0.92207 0.01637 0.05497 0.00374 0.00284 1
20121108 A549 24h Glucosa_C1C2 1_01.CDF 0.92115 0.01636 0.05492 0.00374 0.00384 1
20121108 A549 24h Glucosa_C1C2 1_01.CDF 0.92115 0.01636 0.05596 0.00369 0.00284 1
20121108 A549 24h Glucosa_C1C2 1_01.CDF 0.91886 0.01658 0.05706 0.00365 0.00385 1
20121108 A549 24h Glucosa_C1C2 1_01.CDF 0.91886 0.01764 0.057 0.00365 0.00284 1
20121108 A549 24h Glucosa_C1C2 1_01.CDF 0.91794 0.01762 0.05694 0.00365 0.00384 1
20121108 A549 24h Glucosa_C1C2 1_01.CDF 0.25031 0.72508 0.01617 0.00771 0.00073 1
20121108 A549 24h Glucosa_C1C2 1_01.CDF 0.25031 0.72614 0.01506 0.00776 0.00073 1
20121108 A549 24h Glucosa_C1C2 1_01.CDF 0.25138 0.72501 0.01512 0.00776 0.00073 1
20121108 A549 24h Glucosa_C1C2 1_01.CDF 0.2257 0.75104 0.01478 0.00774 0.00073 1
20121108 A549 24h Glucosa_C1C2 1_01.CDF 0.22593 0.74967 0.01596 0.0077 0.00073 1
20121108 A549 24h Glucosa_C1C2 1_01.CDF 0.22486 0.7508 0.0159 0.00771 0.00073 1
20121108 A549 24h Glucosa_C1C2 1_01.CDF 0.25779 0.71824 0.01548 0.00775 0.00073 1
20121108 A549 24h Glucosa_C1C2 1_01.CDF 0.25805 0.72002 0.01334 0.00785 0.00073 1
20121108 A549 24h Glucosa_C1C2 1_01.CDF 0.25779 0.71718 0.01659 0.00771 0.00073 1
20121108 A549 24h Glucosa_C1C2 1_01.CDF 0.97885 0.00832 0.01031 0.00054 0.00197 1
20121108 A549 24h Glucosa_C1C2 1_01.CDF 0.97575 0.0126 0.00958 0.00017 0.0019 1
20121108 A549 24h Glucosa_C1C2 1_01.CDF 0.9679 0.01181 0.01722 0.00085 0.00221 1
20121108 A549 24h Glucosa_C1C2 1_01.CDF 0.96652 0.01168 0.01858 0.00088 0.00234 1
20121108 A549 24h Glucosa_C1C2 1_01.CDF 0.96786 0.01276 0.01646 0.00079 0.00213 1
20121108 A549 24h Glucosa_C1C2 1_01.CDF 0.96744 0.0128 0.01677 0.00081 0.00218 1
20121108 A549 24h Glucosa_C1C2 1_01.CDF 0.96721 0.01367 0.01625 0.00073 0.00214 1
20121108 A549 24h Glucosa_C1C2 1_01.CDF 0.9713 0.00908 0.01666 0.00077 0.00218 1
20121108 A549 24h Glucosa_C1C2 1_01.CDF 0 0.97261 0.01789 0.00918 0.00031 1
20121108 A549 24h Glucosa_C1C2 1_01.CDF 0 0.9726 0.01777 0.00933 0.00031 1
20121108 A549 24h Glucosa_C1C2 1_01.CDF 0 0.97341 0.01719 0.00912 0.00028 1
20121108 A549 24h Glucosa_C1C2 1_01.CDF 0 0.97303 0.01741 0.00926 3e-04 1
20121108 A549 24h Glucosa_C1C2 1_01.CDF 0 0.97298 0.01752 0.0092 0.00029 1
20121108 A549 24h Glucosa_C1C2 1_01.CDF 0 0.97324 0.01713 0.00932 0.00032 1


*Correction:  -0.05579 0.00955 0.03926 0.00397 0.002


---- Lactate  ---
*** MID for each injection, corrected only for natural 13C, 29,30Si, 33,34S ***
20120905 A549 24h Glucosa_C1C2 1_03.CDF 0.7943 0.01678 0.18081 0.00811 1
20120905 A549 24h Glucosa_C1C2 1_03.CDF 0.79318 0.0169 0.1808 0.00911 1
20120905 A549 24h Glucosa_C1C2 1_03.CDF 0.79351 0.01676 0.18063 0.0091 1
20120905 A549 24h Glucosa_C1C2 1_03.CDF 0.79015 0.01713 0.18388 0.00884 1
20120905 A549 24h Glucosa_C1C2 1_03.CDF 0.79094 0.01715 0.18298 0.00894 1
20120905 A549 24h Glucosa_C1C2 1_03.CDF 0.79015 0.01713 0.18279 0.00993 1
20120905 A549 24h Glucosa_C1C2 1_03.CDF 0.79206 0.01702 0.18298 0.00793 1
20120905 A549 24h Glucosa_C1C2 1_03.CDF 0.79094 0.01715 0.18298 0.00894 1
20120905 A549 24h Glucosa_C1C2 1_03.CDF 0.79015 0.01713 0.18279 0.00993 1
20120905 A549 24h Glucosa_C1C2 1_03.CDF 0.98838 0.00075 0.01091 -4e-05 1
20120905 A549 24h Glucosa_C1C2 1_03.CDF 0.78008 0.01602 0.19496 0.00894 1
20120905 A549 24h Glucosa_C1C2 1_03.CDF 0.7812 0.0159 0.19387 0.00903 1
20120905 A549 24h Glucosa_C1C2 1_03.CDF 0.78086 0.01604 0.19515 0.00795 1
20120905 A549 24h Glucosa_C1C2 1_03.CDF 0.7831 0.01579 0.19407 0.00703 1
20120905 A549 24h Glucosa_C1C2 1_03.CDF 0.7831 0.01579 0.19517 0.00594 1
20120905 A549 24h Glucosa_C1C2 1_03.CDF 0.78198 0.01592 0.19407 0.00804 1
20120905 A549 24h Glucosa_C1C2 1_03.CDF 0.78086 0.01604 0.19406 0.00904 1
20120905 A549 24h Glucosa_C1C2 1_03.CDF 0.78008 0.01602 0.19496 0.00894 1
20120905 A549 24h Glucosa_C1C2 1_03.CDF 0.78008 0.01602 0.19496 0.00894 1
20120905 A549 24h Glucosa_C1C2 1_03.CDF 0.98404 0.00333 0.01284 -0.00021 1
20120905 A549 24h Glucosa_C1C2 1_03.CDF 0.98762 0.00301 0.00927 0.00011 1
20120905 A549 24h Glucosa_C1C2 1_03.CDF 0.75186 0.02578 0.21354 0.00882 1
20120905 A549 24h Glucosa_C1C2 1_03.CDF 0.75206 0.02565 0.2137 0.00858 1
20120905 A549 24h Glucosa_C1C2 1_03.CDF 0.75174 0.02591 0.2134 0.00895 1
20120905 A549 24h Glucosa_C1C2 1_03.CDF 0.75241 0.0256 0.21377 0.00822 1
20120905 A549 24h Glucosa_C1C2 1_03.CDF 0.75035 0.02643 0.21403 0.0092 1
20120905 A549 24h Glucosa_C1C2 1_03.CDF 0.75071 0.02613 0.21382 0.00933 1


*** All samples fully corrected **
20120905 A549 24h Glucosa_C1C2 1_03.CDF 1 0 0 0 1
20120905 A549 24h Glucosa_C1C2 1_03.CDF 0.79318 0.0169 0.1808 0.00911 1
20120905 A549 24h Glucosa_C1C2 1_03.CDF 0.79351 0.01676 0.18063 0.0091 1
20120905 A549 24h Glucosa_C1C2 1_03.CDF 0.79015 0.01713 0.18388 0.00884 1
20120905 A549 24h Glucosa_C1C2 1_03.CDF 0.79094 0.01715 0.18298 0.00894 1
20120905 A549 24h Glucosa_C1C2 1_03.CDF 0.79015 0.01713 0.18279 0.00993 1
20120905 A549 24h Glucosa_C1C2 1_03.CDF 0.79206 0.01702 0.18298 0.00793 1
20120905 A549 24h Glucosa_C1C2 1_03.CDF 0.79094 0.01715 0.18298 0.00894 1
20120905 A549 24h Glucosa_C1C2 1_03.CDF 0.79015 0.01713 0.18279 0.00993 1
20120905 A549 24h Glucosa_C1C2 1_03.CDF 0.98838 0.00075 0.01091 -4e-05 1
20120905 A549 24h Glucosa_C1C2 1_03.CDF 0.78008 0.01602 0.19496 0.00894 1
20120905 A549 24h Glucosa_C1C2 1_03.CDF 0.7812 0.0159 0.19387 0.00903 1
20120905 A549 24h Glucosa_C1C2 1_03.CDF 0.78086 0.01604 0.19515 0.00795 1
20120905 A549 24h Glucosa_C1C2 1_03.CDF 0.7831 0.01579 0.19407 0.00703 1
20120905 A549 24h Glucosa_C1C2 1_03.CDF 0.7831 0.01579 0.19517 0.00594 1
20120905 A549 24h Glucosa_C1C2 1_03.CDF 0.78198 0.01592 0.19407 0.00804 1
20120905 A549 24h Glucosa_C1C2 1_03.CDF 0.78086 0.01604 0.19406 0.00904 1
20120905 A549 24h Glucosa_C1C2 1_03.CDF 0.78008 0.01602 0.19496 0.00894 1
20120905 A549 24h Glucosa_C1C2 1_03.CDF 0.78008 0.01602 0.19496 0.00894 1
20120905 A549 24h Glucosa_C1C2 1_03.CDF 0.98404 0.00333 0.01284 -0.00021 1
20120905 A549 24h Glucosa_C1C2 1_03.CDF 0.98762 0.00301 0.00927 0.00011 1
20120905 A549 24h Glucosa_C1C2 1_03.CDF 0.75186 0.02578 0.21354 0.00882 1
20120905 A549 24h Glucosa_C1C2 1_03.CDF 0.75206 0.02565 0.2137 0.00858 1
20120905 A549 24h Glucosa_C1C2 1_03.CDF 0.75174 0.02591 0.2134 0.00895 1
20120905 A549 24h Glucosa_C1C2 1_03.CDF 0.75241 0.0256 0.21377 0.00822 1
20120905 A549 24h Glucosa_C1C2 1_03.CDF 0.75035 0.02643 0.21403 0.0092 1
20120905 A549 24h Glucosa_C1C2 1_03.CDF 0.75071 0.02613 0.21382 0.00933 1


*Correction:  -0.18629 -0.00558 0.16602 0.02285


---- Malate  ---
*** MID for each injection, corrected only for natural 13C, 29,30Si, 33,34S ***
A549_GlutaminaC1_1_01.CDF 0.03614 -0.00744 -0.00298 0.89014 0.08414 1
A549_GlutaminaC1_1_01.CDF 0.27889 0.69857 0.00719 0.00395 0.01141 1
A549_GlutaminaC1_1_01.CDF 0.28082 0.69254 0.00992 0.00473 0.01199 1
A549_GlutaminaC1_1_01.CDF 0.27717 0.70238 0.00583 0.00307 0.01156 1
A549_GlutaminaC1_1_01.CDF 0.27918 0.69783 0.00745 0.00402 0.01152 1
A549_GlutaminaC1_1_01.CDF 0.28106 0.69238 0.01083 0.00459 0.01115 1
A549_GlutaminaC1_1_01.CDF 0.27887 0.69832 0.00695 0.00363 0.01223 1
A549_GlutaminaC1_1_01.CDF 0.27821 0.6982 0.0079 0.00285 0.01284 1
A549_GlutaminaC1_1_01.CDF 0.28107 0.69418 0.00919 0.00446 0.01109 1
A549_GlutaminaC1_1_01.CDF 0.9787 -0.00768 0.01034 0.01939 -0.00074 1
A549_GlutaminaC1_1_01.CDF 0.24044 0.73247 0.01088 0.00478 0.01142 1
A549_GlutaminaC1_1_01.CDF 0.24202 0.7318 0.00959 0.00539 0.0112 1
A549_GlutaminaC1_1_01.CDF 0.22973 0.74304 0.01066 0.00542 0.01115 1
A549_GlutaminaC1_1_01.CDF 0.2301 0.74285 0.01027 0.00533 0.01145 1
A549_GlutaminaC1_1_01.CDF 0.23568 0.7355 0.01105 0.00526 0.01251 1
A549_GlutaminaC1_1_01.CDF 0.23561 0.73574 0.01086 0.00584 0.01195 1
A549_GlutaminaC1_1_01.CDF 0.2954 0.68362 0.00626 0.00409 0.01063 1
A549_GlutaminaC1_1_01.CDF 0.29634 0.68122 0.00651 0.00435 0.01158 1
